[header]
width=50
height=16
tilewidth=21
tileheight=21
orientation=orthogonal

[tilesets]
tileset=../../../../../../Desktop/spritesheet_rgba.png,21,21,0,0

[layer]
type=Tile Layer 1
data=
0,0,0,0,0,0,0,0,0,0,0,0,0,0,0,0,0,0,0,0,0,0,0,0,0,0,0,0,0,0,0,0,0,0,0,0,0,0,0,0,0,0,0,0,0,0,0,0,0,0,
0,0,0,0,0,0,0,0,0,0,0,0,0,0,0,0,0,0,0,0,0,0,0,0,0,0,0,0,0,0,0,0,0,0,0,0,0,0,0,0,0,0,0,0,0,0,0,0,0,0,
0,0,0,0,0,0,0,0,0,0,0,0,0,0,0,0,0,0,0,0,0,0,0,0,0,0,0,0,0,0,0,0,0,0,0,0,0,0,0,0,0,0,0,0,0,0,0,0,0,0,
0,0,0,0,0,0,0,0,0,0,0,0,0,0,0,0,0,0,0,0,0,0,0,0,0,0,0,0,0,0,0,0,0,0,0,0,0,0,0,0,0,0,0,0,0,0,0,0,0,0,
0,0,0,0,0,0,0,0,0,0,0,0,0,0,0,0,0,0,0,0,0,0,0,0,0,0,0,0,0,0,0,0,0,0,0,0,0,0,0,0,0,0,0,0,0,0,0,0,0,0,
0,0,0,0,0,0,0,0,0,0,0,0,0,0,0,0,0,0,0,0,0,0,0,0,0,0,0,0,0,0,0,0,0,0,0,0,0,0,0,0,0,0,0,0,0,0,0,0,0,0,
0,0,0,0,0,0,0,0,0,0,0,0,0,0,0,0,0,0,0,0,0,0,0,0,0,0,0,0,0,0,0,303,0,0,303,0,0,0,0,0,0,0,0,0,0,0,0,0,0,0,
0,0,0,0,0,0,0,0,0,0,0,0,0,0,0,0,0,0,0,0,0,0,0,0,0,0,0,0,0,0,303,333,0,0,333,303,0,0,0,0,0,0,0,0,0,0,0,0,0,0,
0,0,0,0,0,0,0,0,0,0,0,0,0,0,0,0,0,0,0,0,0,0,0,0,0,0,0,0,0,303,333,333,0,0,333,333,303,0,0,0,0,0,0,0,0,0,0,0,0,0,
0,0,0,0,0,0,0,0,0,0,0,0,0,0,0,0,0,0,0,0,0,0,0,0,0,0,0,0,303,333,333,333,0,0,333,333,333,303,0,0,0,0,0,0,0,0,0,0,0,0,
0,0,0,0,0,0,0,303,303,0,0,303,0,0,0,0,0,0,0,0,0,0,0,0,0,0,0,303,333,333,333,333,0,0,333,333,333,333,303,0,0,0,0,0,0,0,0,0,0,0,
0,0,0,0,0,0,333,333,333,0,0,333,333,0,0,0,0,0,0,0,0,0,0,0,0,0,303,333,333,333,333,333,0,0,333,333,333,333,333,303,0,0,0,0,0,0,0,0,0,0,
0,0,0,0,0,333,333,333,333,0,0,333,333,333,0,0,0,0,0,0,0,0,0,0,0,303,333,333,333,333,333,333,0,0,333,333,333,333,333,333,303,0,0,0,0,0,0,0,0,0,
333,333,333,333,303,333,333,333,333,0,0,333,333,333,333,333,333,333,303,333,333,333,333,333,333,333,333,333,333,333,333,333,0,0,333,333,333,333,333,333,333,333,333,333,303,303,303,333,333,333,
333,333,333,333,333,333,333,333,333,0,0,333,333,333,333,333,333,333,333,333,333,333,333,333,333,333,333,333,333,333,333,333,0,0,333,333,333,333,333,333,333,333,333,333,333,333,333,333,333,333,
333,333,333,333,333,333,333,333,333,0,0,333,333,333,333,333,333,333,333,333,333,333,333,333,333,333,333,333,333,333,333,333,0,0,333,333,333,333,333,333,333,333,333,333,333,333,333,333,333,333

[Object Layer 1]
# Start
type=Start
location=3,12,1,0

[Object Layer 1]
# bob
type=Enemy
location=44,12,1,1

[Object Layer 1]
# kevin
type=Enemy
location=18,12,1,1

[Object Layer 1]
# door
type=Exit
location=45,12,1,1

